---------- Iteración 1 ----------
- Agrupación [0]  +  [7]
- Distancia mínima 1.0
{0: [1], 1: [2], 2: [3], 3: [4], 4: [5], 5: [6], 6: [8], 7: [9], 8: [10], 9: [11], 10: [12], 11: [13], 12: [14], 13: [15], 14: [16], 15: [17], 16: [18], 17: [19], 18: [0, 7]}
---------- Iteración 2 ----------
- Agrupación [0, 7]  +  [1]
- Distancia mínima 0.0
{0: [2], 1: [3], 2: [4], 3: [5], 4: [6], 5: [8], 6: [9], 7: [10], 8: [11], 9: [12], 10: [13], 11: [14], 12: [15], 13: [16], 14: [17], 15: [18], 16: [19], 17: [0, 7, 1]}
---------- Iteración 3 ----------
- Agrupación [11]  +  [18]
- Distancia mínima 1.0
{0: [2], 1: [3], 2: [4], 3: [5], 4: [6], 5: [8], 6: [9], 7: [10], 8: [12], 9: [13], 10: [14], 11: [15], 12: [16], 13: [17], 14: [19], 15: [0, 7, 1], 16: [11, 18]}
---------- Iteración 4 ----------
- Agrupación [17]  +  [0, 7, 1]
- Distancia mínima 1.0
{0: [2], 1: [3], 2: [4], 3: [5], 4: [6], 5: [8], 6: [9], 7: [10], 8: [12], 9: [13], 10: [14], 11: [15], 12: [16], 13: [19], 14: [11, 18], 15: [17, 0, 7, 1]}
---------- Iteración 5 ----------
- Agrupación [17, 0, 7, 1]  +  [15]
- Distancia mínima 1.0
{0: [2], 1: [3], 2: [4], 3: [5], 4: [6], 5: [8], 6: [9], 7: [10], 8: [12], 9: [13], 10: [14], 11: [16], 12: [19], 13: [11, 18], 14: [17, 0, 7, 1, 15]}
---------- Iteración 6 ----------
- Agrupación [2]  +  [13]
- Distancia mínima 2.0
{0: [3], 1: [4], 2: [5], 3: [6], 4: [8], 5: [9], 6: [10], 7: [12], 8: [14], 9: [16], 10: [19], 11: [11, 18], 12: [17, 0, 7, 1, 15], 13: [2, 13]}

[[inf  9.  9. 12. 12. 10.  2.  6.  6.  4.  4. 11. 10.  5.  3.]
 [ 9. inf 10.  9.  9.  5.  9.  7.  7.  7.  7.  6. 11.  4.  6.]
 [ 9. 10. inf  7.  7.  5.  9.  7.  7.  7.  7.  8.  5.  5.  8.]
 [12.  9.  7. inf  4.  4. 12.  8.  6. 10. 12.  3.  6.  6.  9.]
 [12.  9.  7.  4. inf  6. 12. 10.  6. 12. 14.  7.  4.  8.  9.]
 [10.  5.  5.  4.  6. inf 10.  6.  4.  8.  8.  3.  6.  4.  7.]
 [ 2.  9.  9. 12. 12. 10. inf  6.  6.  4.  4. 11. 10.  5.  3.]
 [ 6.  7.  7.  8. 10.  6.  6. inf  4.  4.  4.  7.  6.  3.  5.]
 [ 6.  7.  7.  6.  6.  4.  6.  4. inf  6.  8.  5.  4.  3.  5.]
 [ 4.  7.  7. 10. 12.  8.  4.  4.  6. inf  4.  9. 10.  3.  3.]
 [ 4.  7.  7. 12. 14.  8.  4.  4.  8.  4. inf  9. 10.  5.  5.]
 [11.  6.  8.  3.  7.  3. 11.  7.  5.  9.  9. inf  9.  5.  8.]
 [ 6.  6.  7.  9.  5.  5.  8.  3.  3.  3.  5.  6.  8.  2.  4.]
 [ 4. 11.  4.  5.  8.  4. inf  5.  9.  5.  6.  5.  6.  6.  8.]
 [ 6.  6.  7.  9.  5.  5.  3.  4.  3.  3.  5.  6.  1.  7.  8.]]
